1 1 0 2 0 
2 2 1 1   
2 3 1 1   
1 4 0 2 0 
2 5 1 4   
2 6 1 4   
1 7 0 2 0 
2 8 1 7   
2 9 1 7   
1 10 0 2 0 
2 11 1 10   
2 12 1 10   
1 13 0 2 0 
2 14 1 13   
2 15 1 13   
1 16 0 2 0 
2 17 1 16   
2 18 1 16   
1 19 0 2 0 
2 20 1 19   
2 21 1 19   
1 22 0 2 0 
2 23 1 22   
2 24 1 22   
1 25 0 2 0 
2 26 1 25   
2 27 1 25   
1 28 0 2 0 
2 29 1 28   
2 30 1 28   
1 31 0 2 0 
2 32 1 31   
2 33 1 31   
1 34 0 2 0 
2 35 1 34   
2 36 1 34   
1 37 0 2 0 
2 38 1 37   
2 39 1 37   
1 40 0 2 0 
2 41 1 40   
2 42 1 40   
1 43 0 2 0 
2 44 1 43   
2 45 1 43   
1 46 0 2 0 
2 47 1 46   
2 48 1 46   
1 49 0 2 0 
2 50 1 49   
2 51 1 49   
1 52 0 2 0 
2 53 1 52   
2 54 1 52   
1 55 0 2 0 
2 56 1 55   
2 57 1 55   
1 58 0 2 0 
2 59 1 58   
2 60 1 58   
1 61 0 2 0 
2 62 1 61   
2 63 1 61   
1 64 0 2 0 
2 65 1 64   
2 66 1 64   
1 67 0 2 0 
2 68 1 67   
2 69 1 67   
1 70 0 2 0 
2 71 1 70   
2 72 1 70   
1 73 0 2 0 
2 74 1 73   
2 75 1 73   
1 76 0 2 0 
2 77 1 76   
2 78 1 76   
1 79 0 2 0 
2 80 1 79   
2 81 1 79   
1 82 0 2 0 
2 83 1 82   
2 84 1 82   
1 85 0 2 0 
2 86 1 85   
2 87 1 85   
1 88 0 2 0 
2 89 1 88   
2 90 1 88   
1 91 0 2 0 
2 92 1 91   
2 93 1 91   
1 94 0 2 0 
2 95 1 94   
2 96 1 94   
1 97 0 1 0 
1 98 0 1 0 
1 99 0 1 0 
1 100 0 1 0 
1 101 0 1 0 
1 102 0 1 0 
1 103 0 1 0 
1 104 0 1 0 
1 105 0 8 0 
2 106 1 105   
2 107 1 105   
2 108 1 105   
2 109 1 105   
2 110 1 105   
2 111 1 105   
2 112 1 105   
2 113 1 105   
0 114 2 1 2 2 5 
0 115 2 1 2 8 11 
0 116 2 1 2 14 17 
0 117 2 1 2 20 23 
0 118 2 1 2 26 29 
0 119 2 1 2 32 35 
0 120 2 1 2 38 41 
0 121 2 1 2 44 47 
0 122 2 1 2 50 53 
0 123 2 1 2 56 59 
0 124 2 1 2 62 65 
0 125 2 1 2 68 71 
0 126 2 1 2 74 77 
0 127 2 1 2 80 83 
0 128 2 1 2 86 89 
0 129 2 1 2 92 95 
0 130 2 1 2 3 15 
0 131 2 1 2 6 18 
0 132 2 1 2 9 21 
0 133 2 1 2 12 24 
0 134 2 1 2 51 63 
0 135 2 1 2 54 66 
0 136 2 1 2 57 69 
0 137 2 1 2 60 72 
0 138 2 1 2 27 39 
0 139 2 1 2 30 42 
0 140 2 1 2 33 45 
0 141 2 1 2 36 48 
0 142 2 1 2 75 87 
0 143 2 1 2 78 90 
0 144 2 1 2 81 93 
0 145 2 1 2 84 96 
0 146 2 1 2 190 194 
0 147 2 1 2 191 195 
0 148 2 1 2 192 196 
0 149 2 1 2 193 197 
0 150 2 1 2 186 198 
0 151 2 1 2 187 199 
0 152 2 1 2 188 200 
0 153 2 1 2 189 201 
0 154 2 1 2 130 138 
0 155 2 1 2 131 139 
0 156 2 1 2 132 140 
0 157 2 1 2 133 141 
0 158 2 1 2 134 142 
0 159 2 1 2 135 143 
0 160 2 1 2 136 144 
0 161 2 1 2 137 145 
0 162 2 2 2 114 115 
2 163 1 162   
2 164 1 162   
0 165 2 2 2 116 117 
2 166 1 165   
2 167 1 165   
0 168 2 2 2 118 119 
2 169 1 168   
2 170 1 168   
0 171 2 2 2 120 121 
2 172 1 171   
2 173 1 171   
0 174 2 2 2 122 123 
2 175 1 174   
2 176 1 174   
0 177 2 2 2 124 125 
2 178 1 177   
2 179 1 177   
0 180 2 2 2 126 127 
2 181 1 180   
2 182 1 180   
0 183 2 2 2 128 129 
2 184 1 183   
2 185 1 183   
0 186 2 1 2 163 166 
0 187 2 1 2 169 172 
0 188 2 1 2 164 170 
0 189 2 1 2 167 173 
0 190 2 1 2 175 178 
0 191 2 1 2 181 184 
0 192 2 1 2 176 182 
0 193 2 1 2 179 185 
0 194 7 1 2 97 106 
0 195 7 1 2 98 107 
0 196 7 1 2 99 108 
0 197 7 1 2 100 109 
0 198 7 1 2 101 110 
0 199 7 1 2 102 111 
0 200 7 1 2 103 112 
0 201 7 1 2 104 113 
3 202 2 0 2 146 154 
3 203 2 0 2 147 155 
3 204 2 0 2 148 156 
3 205 2 0 2 149 157 
3 206 2 0 2 150 158 
3 207 2 0 2 151 159 
3 208 2 0 2 152 160 
3 209 2 0 2 153 161 
